Orbium virtualis
19, 19
0.000 0.000 0.000 0.000 0.000 0.000 0.000 0.000 0.000 0.000 0.000 0.043 0.000 0.000 0.000 0.000 0.000 0.000 0.000 
0.000 0.000 0.000 0.000 0.000 0.035 0.000 0.000 0.000 0.000 0.004 0.000 0.161 0.000 0.000 0.000 0.000 0.000 0.000 
0.000 0.000 0.000 0.000 0.000 0.039 0.094 0.027 0.051 0.059 0.063 0.067 0.071 0.239 0.000 0.000 0.000 0.000 0.000 
0.000 0.000 0.027 0.008 0.000 0.016 0.125 0.141 0.047 0.027 0.016 0.016 0.031 0.078 0.282 0.000 0.000 0.000 0.000 
0.000 0.000 0.000 0.094 0.043 0.059 0.059 0.110 0.055 0.000 0.000 0.000 0.000 0.000 0.110 0.212 0.000 0.000 0.000 
0.000 0.000 0.000 0.094 0.125 0.043 0.008 0.031 0.118 0.051 0.000 0.000 0.000 0.000 0.000 0.153 0.082 0.000 0.000 
0.000 0.000 0.016 0.055 0.118 0.067 0.000 0.020 0.118 0.188 0.075 0.000 0.000 0.000 0.000 0.008 0.137 0.008 0.000 
0.000 0.000 0.043 0.051 0.008 0.110 0.106 0.063 0.098 0.204 0.251 0.098 0.000 0.000 0.000 0.000 0.082 0.063 0.000 
0.000 0.008 0.055 0.024 0.000 0.059 0.196 0.149 0.118 0.180 0.298 0.310 0.122 0.000 0.000 0.000 0.051 0.075 0.000 
0.051 0.020 0.059 0.008 0.000 0.000 0.184 0.243 0.184 0.188 0.267 0.376 0.329 0.133 0.016 0.012 0.051 0.071 0.008 
0.129 0.059 0.059 0.000 0.000 0.000 0.059 0.275 0.286 0.235 0.224 0.282 0.349 0.271 0.125 0.063 0.067 0.071 0.008 
0.000 0.251 0.067 0.000 0.000 0.000 0.000 0.184 0.357 0.314 0.200 0.184 0.247 0.278 0.196 0.114 0.082 0.063 0.004 
0.000 0.000 0.263 0.000 0.000 0.000 0.000 0.043 0.290 0.361 0.235 0.173 0.192 0.227 0.200 0.133 0.090 0.047 0.000 
0.000 0.000 0.184 0.118 0.000 0.000 0.000 0.000 0.137 0.302 0.278 0.208 0.188 0.188 0.169 0.118 0.075 0.024 0.000 
0.000 0.000 0.000 0.212 0.035 0.000 0.000 0.000 0.039 0.176 0.243 0.220 0.184 0.161 0.125 0.086 0.043 0.004 0.000 
0.000 0.000 0.000 0.000 0.153 0.043 0.000 0.000 0.027 0.098 0.165 0.176 0.153 0.118 0.086 0.047 0.012 0.000 0.000 
0.000 0.000 0.000 0.000 0.016 0.106 0.078 0.055 0.059 0.086 0.114 0.118 0.098 0.071 0.043 0.012 0.000 0.000 0.000 
0.000 0.000 0.000 0.000 0.000 0.004 0.051 0.071 0.075 0.078 0.075 0.063 0.047 0.024 0.008 0.000 0.000 0.000 0.000 
0.000 0.000 0.000 0.000 0.000 0.000 0.000 0.000 0.012 0.016 0.016 0.008 0.004 0.000 0.000 0.000 0.000 0.000 0.000 
