Orbium unicaudatus
20, 20
0.000 0.000 0.000 0.000 0.000 0.000 0.000 0.051 0.016 0.000 0.000 0.000 0.000 0.000 0.000 0.235 0.000 0.000 0.000 0.000
0.000 0.000 0.000 0.000 0.000 0.000 0.137 0.208 0.212 0.082 0.071 0.098 0.102 0.071 0.004 0.255 0.000 0.000 0.000 0.000
0.000 0.000 0.000 0.000 0.000 0.086 0.267 0.357 0.384 0.341 0.188 0.184 0.173 0.184 0.176 0.106 0.349 0.000 0.000 0.000
0.000 0.000 0.000 0.000 0.012 0.067 0.349 0.455 0.467 0.380 0.129 0.078 0.055 0.063 0.122 0.216 0.706 0.000 0.000 0.000
0.000 0.000 0.000 0.035 0.129 0.184 0.341 0.404 0.384 0.282 0.133 0.000 0.000 0.000 0.000 0.047 0.400 0.329 0.000 0.000
0.004 0.000 0.016 0.137 0.169 0.133 0.110 0.247 0.271 0.263 0.208 0.000 0.000 0.000 0.000 0.000 0.020 0.863 0.000 0.000
0.235 0.000 0.102 0.173 0.078 0.000 0.000 0.200 0.310 0.369 0.373 0.239 0.000 0.000 0.000 0.000 0.000 0.455 0.157 0.000
0.000 0.122 0.184 0.110 0.000 0.000 0.000 0.271 0.427 0.506 0.537 0.510 0.000 0.000 0.000 0.000 0.000 0.000 0.518 0.000
0.000 0.588 0.216 0.031 0.000 0.000 0.000 0.188 0.529 0.635 0.682 0.682 0.420 0.000 0.000 0.000 0.000 0.000 0.427 0.000
0.000 0.553 0.235 0.000 0.000 0.000 0.000 0.027 0.620 0.757 0.839 0.855 0.808 0.106 0.000 0.000 0.000 0.000 0.282 0.098
0.000 0.000 0.596 0.000 0.000 0.000 0.000 0.000 0.667 0.875 0.961 0.992 0.973 0.561 0.000 0.000 0.000 0.000 0.224 0.141
0.000 0.000 0.839 0.000 0.000 0.000 0.000 0.000 0.506 0.969 1.000 1.000 1.000 0.914 0.278 0.000 0.000 0.024 0.220 0.133
0.000 0.000 0.553 0.075 0.000 0.000 0.000 0.000 0.333 1.000 1.000 0.980 1.000 0.973 0.557 0.157 0.051 0.118 0.243 0.086
0.000 0.000 0.031 0.447 0.000 0.000 0.000 0.000 0.176 0.851 1.000 0.894 0.863 0.867 0.651 0.333 0.196 0.216 0.231 0.039
0.000 0.000 0.000 0.424 0.114 0.000 0.000 0.000 0.114 0.620 0.878 0.824 0.780 0.741 0.612 0.408 0.294 0.267 0.165 0.000
0.000 0.000 0.000 0.078 0.333 0.075 0.000 0.000 0.118 0.424 0.675 0.722 0.678 0.627 0.525 0.404 0.310 0.224 0.063 0.000
0.000 0.000 0.000 0.000 0.165 0.259 0.149 0.118 0.173 0.337 0.498 0.557 0.545 0.498 0.427 0.337 0.243 0.118 0.000 0.000
0.000 0.000 0.000 0.000 0.000 0.145 0.231 0.235 0.259 0.318 0.388 0.424 0.412 0.361 0.306 0.227 0.125 0.020 0.000 0.000
0.000 0.000 0.000 0.000 0.000 0.000 0.071 0.169 0.227 0.251 0.275 0.278 0.259 0.231 0.165 0.094 0.020 0.000 0.000 0.000
0.000 0.000 0.000 0.000 0.000 0.000 0.000 0.000 0.059 0.102 0.129 0.133 0.118 0.078 0.043 0.000 0.000 0.000 0.000 0.000