Synorbium ignis
31, 33
0.000 0.000 0.000 0.000 0.000 0.000 0.000 0.000 0.000 0.000 0.000 0.000 0.000 0.000 0.000 0.000 0.000 0.000 0.000 0.000 0.000 0.000 0.024 0.039 0.071 0.310 0.000 0.000 0.000 0.000 0.000 0.000 0.000
0.000 0.000 0.000 0.000 0.000 0.000 0.000 0.000 0.000 0.000 0.000 0.000 0.000 0.000 0.000 0.000 0.000 0.000 0.000 0.000 0.008 0.047 0.098 0.118 0.122 0.129 0.455 0.000 0.000 0.000 0.000 0.000 0.000
0.000 0.000 0.000 0.000 0.000 0.000 0.000 0.000 0.000 0.000 0.000 0.000 0.000 0.000 0.000 0.000 0.000 0.122 0.094 0.004 0.043 0.118 0.153 0.125 0.110 0.157 0.204 0.682 0.000 0.000 0.000 0.000 0.000
0.000 0.000 0.000 0.000 0.000 0.000 0.000 0.000 0.000 0.000 0.000 0.000 0.000 0.000 0.000 0.000 0.118 0.322 0.310 0.082 0.094 0.149 0.075 0.000 0.000 0.000 0.016 0.200 0.906 0.000 0.000 0.000 0.000
0.000 0.000 0.000 0.000 0.000 0.000 0.000 0.000 0.000 0.000 0.000 0.000 0.000 0.000 0.000 0.000 0.078 0.506 0.663 0.404 0.149 0.098 0.000 0.000 0.000 0.000 0.000 0.000 0.125 0.945 0.000 0.000 0.000
0.000 0.000 0.000 0.000 0.000 0.000 0.000 0.000 0.000 0.000 0.000 0.000 0.000 0.000 0.000 0.000 0.043 0.616 0.839 0.937 0.380 0.067 0.000 0.000 0.000 0.000 0.000 0.000 0.000 0.427 0.243 0.000 0.000
0.000 0.000 0.000 0.000 0.000 0.000 0.000 0.000 0.000 0.000 0.000 0.000 0.000 0.000 0.000 0.000 0.039 0.275 0.918 1.000 0.576 0.137 0.067 0.000 0.000 0.000 0.000 0.000 0.000 0.000 0.886 0.000 0.000
0.000 0.000 0.000 0.000 0.000 0.000 0.000 0.000 0.000 0.000 0.000 0.000 0.000 0.008 0.020 0.043 0.078 0.129 0.871 0.886 0.569 0.306 0.251 0.169 0.000 0.000 0.000 0.000 0.000 0.000 0.408 0.251 0.000
0.000 0.000 0.000 0.000 0.000 0.000 0.000 0.000 0.000 0.000 0.000 0.000 0.031 0.090 0.125 0.125 0.137 0.149 0.133 0.604 0.533 0.451 0.431 0.380 0.180 0.000 0.000 0.000 0.000 0.000 0.133 0.486 0.000
0.000 0.000 0.000 0.000 0.000 0.000 0.000 0.000 0.000 0.000 0.000 0.000 0.118 0.153 0.098 0.067 0.035 0.008 0.000 0.000 0.478 0.557 0.592 0.596 0.569 0.063 0.000 0.000 0.000 0.000 0.145 0.478 0.047
0.000 0.000 0.000 0.000 0.012 0.035 0.000 0.000 0.000 0.000 0.000 0.063 0.157 0.059 0.000 0.000 0.000 0.000 0.000 0.000 0.235 0.631 0.745 0.792 0.827 0.839 0.490 0.000 0.000 0.000 0.290 0.431 0.098
0.000 0.000 0.000 0.000 0.000 0.000 0.047 0.000 0.000 0.000 0.027 0.149 0.086 0.000 0.000 0.000 0.000 0.000 0.000 0.000 0.000 0.580 0.855 0.941 0.988 1.000 1.000 1.000 0.573 0.392 0.435 0.376 0.114
0.000 0.000 0.000 0.000 0.000 0.043 0.235 0.298 0.000 0.063 0.137 0.161 0.000 0.000 0.000 0.000 0.000 0.000 0.000 0.000 0.000 0.000 0.925 1.000 1.000 1.000 1.000 1.000 0.949 0.663 0.486 0.322 0.106
0.000 0.000 0.000 0.000 0.000 0.063 0.306 0.439 0.408 0.188 0.196 0.082 0.000 0.000 0.000 0.000 0.000 0.000 0.000 0.000 0.000 0.000 0.490 1.000 1.000 0.643 0.553 0.686 0.769 0.639 0.439 0.275 0.086
0.000 0.000 0.000 0.000 0.000 0.059 0.259 0.435 0.494 0.314 0.153 0.027 0.000 0.000 0.000 0.000 0.000 0.000 0.000 0.000 0.000 0.000 0.000 1.000 0.988 0.537 0.341 0.412 0.545 0.498 0.361 0.224 0.063
0.000 0.000 0.000 0.000 0.118 0.196 0.204 0.298 0.392 0.404 0.067 0.000 0.000 0.000 0.000 0.000 0.000 0.000 0.000 0.000 0.000 0.000 0.000 0.647 0.976 0.643 0.412 0.400 0.439 0.396 0.298 0.169 0.039
0.000 0.000 0.000 0.102 0.188 0.125 0.055 0.086 0.247 0.396 0.443 0.035 0.000 0.000 0.000 0.000 0.000 0.000 0.000 0.000 0.000 0.000 0.000 0.255 0.765 0.694 0.514 0.431 0.388 0.322 0.235 0.122 0.000
0.000 0.000 0.000 0.188 0.102 0.000 0.000 0.000 0.188 0.435 0.722 0.757 0.133 0.000 0.000 0.000 0.000 0.000 0.000 0.000 0.000 0.000 0.000 0.125 0.498 0.537 0.447 0.369 0.310 0.239 0.157 0.051 0.000
0.000 0.000 0.024 0.192 0.012 0.000 0.000 0.043 0.235 0.412 0.902 1.000 0.984 0.141 0.000 0.000 0.000 0.000 0.000 0.000 0.000 0.000 0.000 0.161 0.361 0.361 0.302 0.243 0.200 0.141 0.059 0.000 0.000
0.267 0.000 0.051 0.180 0.000 0.000 0.000 0.122 0.333 0.506 0.871 1.000 1.000 1.000 0.000 0.000 0.000 0.000 0.000 0.000 0.000 0.000 0.024 0.208 0.247 0.192 0.141 0.106 0.067 0.024 0.000 0.000 0.000
0.000 0.486 0.043 0.196 0.000 0.000 0.000 0.071 0.400 0.733 0.925 0.969 1.000 1.000 0.753 0.000 0.000 0.000 0.000 0.000 0.000 0.000 0.129 0.173 0.090 0.035 0.000 0.000 0.000 0.000 0.000 0.000 0.000
0.000 0.000 0.706 0.243 0.000 0.000 0.000 0.000 0.424 0.761 0.992 0.937 0.831 1.000 1.000 0.337 0.000 0.000 0.000 0.000 0.000 0.078 0.153 0.055 0.000 0.000 0.000 0.000 0.000 0.000 0.000 0.000 0.000
0.000 0.000 0.400 0.788 0.000 0.000 0.000 0.000 0.086 0.678 0.980 1.000 0.788 0.800 0.949 0.698 0.141 0.000 0.000 0.000 0.063 0.149 0.055 0.000 0.000 0.000 0.000 0.000 0.000 0.000 0.000 0.000 0.000
0.000 0.000 0.000 0.859 0.000 0.000 0.000 0.000 0.000 0.192 0.918 1.000 0.898 0.792 0.859 0.780 0.431 0.161 0.094 0.125 0.149 0.075 0.000 0.000 0.000 0.000 0.000 0.000 0.000 0.000 0.000 0.000 0.000
0.000 0.000 0.000 0.212 0.541 0.000 0.000 0.000 0.000 0.000 0.341 0.922 0.949 0.847 0.820 0.745 0.549 0.349 0.251 0.200 0.090 0.000 0.000 0.000 0.000 0.000 0.000 0.000 0.000 0.000 0.000 0.000 0.000
0.000 0.000 0.000 0.000 0.694 0.024 0.000 0.000 0.000 0.000 0.000 0.475 0.792 0.808 0.761 0.667 0.529 0.373 0.243 0.114 0.000 0.000 0.000 0.000 0.000 0.000 0.000 0.000 0.000 0.000 0.000 0.000 0.000
0.000 0.000 0.000 0.000 0.012 0.525 0.000 0.000 0.000 0.000 0.000 0.243 0.569 0.694 0.655 0.549 0.404 0.251 0.114 0.008 0.000 0.000 0.000 0.000 0.000 0.000 0.000 0.000 0.000 0.000 0.000 0.000 0.000
0.000 0.000 0.000 0.000 0.000 0.200 0.396 0.086 0.000 0.000 0.067 0.251 0.467 0.557 0.506 0.369 0.220 0.094 0.012 0.000 0.000 0.000 0.000 0.000 0.000 0.000 0.000 0.000 0.000 0.000 0.000 0.000 0.000
0.000 0.000 0.000 0.000 0.000 0.000 0.122 0.333 0.259 0.220 0.255 0.337 0.396 0.388 0.290 0.165 0.059 0.000 0.000 0.000 0.000 0.000 0.000 0.000 0.000 0.000 0.000 0.000 0.000 0.000 0.000 0.000 0.000
0.000 0.000 0.000 0.000 0.000 0.000 0.000 0.008 0.145 0.227 0.243 0.247 0.220 0.153 0.078 0.024 0.000 0.000 0.000 0.000 0.000 0.000 0.000 0.000 0.000 0.000 0.000 0.000 0.000 0.000 0.000 0.000 0.000
0.000 0.000 0.000 0.000 0.000 0.000 0.000 0.000 0.000 0.000 0.004 0.020 0.012 0.000 0.000 0.000 0.000 0.000 0.000 0.000 0.000 0.000 0.000 0.000 0.000 0.000 0.000 0.000 0.000 0.000 0.000 0.000 0.000