0.00 0.00 0.27 0.47 0.13 0.00 0.00 0.00 0.42 0.81 0.99 1.00 1.00 0.18 0.00 0.00 0.12 0.26 0.25 0.13 
0.00 0.00 0.36 0.38 0.00 0.00 0.00 0.00 0.00 0.11 0.97 1.00 1.00 0.85 0.11 0.12 0.17 0.32 0.27 0.12 
0.00 0.00 0.38 0.13 0.00 0.00 0.00 0.00 0.00 0.00 0.56 1.00 0.98 1.00 0.62 0.42 0.34 0.39 0.28 0.08 
0.00 0.14 0.34 0.08 0.00 0.00 0.00 0.00 0.00 0.00 0.00 0.91 1.00 0.89 0.88 0.67 0.50 0.42 0.26 0.04 
0.00 0.21 0.19 0.05 0.00 0.00 0.00 0.00 0.00 0.00 0.00 0.28 0.97 0.86 0.82 0.72 0.56 0.41 0.23 0.00 
0.00 0.21 0.18 0.06 0.05 0.02 0.45 0.00 0.00 0.00 0.00 0.00 0.56 0.87 0.78 0.68 0.55 0.36 0.16 0.00 
0.00 0.08 0.17 0.12 0.40 0.86 0.16 0.52 0.43 0.28 0.00 0.00 0.16 0.65 0.74 0.63 0.50 0.31 0.09 0.00 
0.05 0.07 0.18 0.22 0.33 -1.00 -1.00 -1.00 -1.00 0.10 0.22 0.02 0.05 0.33 0.61 0.53 0.43 0.23 0.02 0.00 
0.02 0.10 0.18 0.71 -1.00 0.24 0.00 0.00 0.00 -1.00 0.14 0.22 0.12 0.20 0.41 0.40 0.34 0.13 -1.00 0.00 
0.00 0.10 0.11 -1.00 0.00 0.00 0.12 0.59 0.55 0.00 -1.00 0.13 0.24 0.22 0.29 0.31 0.24 0.02 0.00 0.00 
0.00 0.07 0.35 0.00 0.00 0.10 0.18 0.22 0.24 0.00 0.00 -1.00 0.09 0.23 0.27 0.22 0.12 -1.00 0.00 0.00 
0.00 0.00 -1.00 0.00 0.02 0.17 0.11 0.03 0.00 0.60 0.00 0.00 -1.00 0.04 0.16 0.06 -1.00 0.00 0.00 0.00 
0.00 0.25 0.00 0.00 0.14 0.08 0.00 0.00 0.00 0.00 0.84 0.00 0.00 -1.00 -1.00 -1.00 0.00 0.00 0.00 0.00 
0.00 -1.00 0.00 0.04 0.17 0.00 0.00 0.00 0.00 0.00 0.00 0.55 0.00 0.00 0.00 0.00 0.00 0.00 0.00 0.00 
0.00 0.00 0.00 0.13 0.13 0.00 0.00 0.00 0.00 0.00 0.00 0.07 0.03 0.00 0.00 0.00 0.00 0.00 0.00 0.00 
0.24 0.00 0.00 0.18 0.11 0.20 0.27 0.19 0.03 0.00 0.00 0.00 0.45 0.00 0.00 0.00 0.00 0.00 0.00 0.00 
-1.00 0.00 0.01 0.34 0.25 0.31 0.43 0.53 0.62 0.00 0.00 0.00 0.00 0.42 0.08 0.00 0.00 0.00 0.00 0.00 
0.00 0.00 0.07 0.40 0.27 0.37 0.51 0.64 0.76 0.67 0.00 0.00 0.00 0.11 0.33 0.16 0.15 0.07 0.06 0.00 
0.00 0.00 0.35 0.38 0.26 0.37 0.54 0.68 0.84 0.87 0.51 0.00 0.00 0.00 0.07 0.26 0.23 0.17 0.10 0.00 
0.00 0.09 0.45 0.28 0.21 0.24 0.51 0.68 0.85 0.96 0.97 0.33 0.00 0.00 0.00 0.15 0.24 0.23 0.13 0.00 
