0.00 0.00 0.00 0.00 0.00 0.00 0.00 0.00 0.00 0.00 0.00 0.00 0.00 0.00 0.00 0.00 0.00 0.00 0.00 0.00 0.00 0.00 0.00 0.06 0.08 0.09 0.05 0.00 
0.00 0.00 0.00 0.00 0.00 0.00 0.00 0.00 0.00 0.00 0.00 0.00 0.00 0.00 0.00 0.00 0.00 0.00 0.22 0.04 0.00 0.11 0.11 0.14 0.13 0.10 0.13 0.16 
0.00 0.00 0.00 0.00 0.00 0.00 0.00 0.00 0.00 0.00 0.00 0.00 0.00 0.00 0.00 0.00 0.00 0.00 0.22 0.40 0.14 0.22 0.24 0.09 0.00 0.00 0.00 0.00 
0.00 0.00 0.00 0.00 0.00 0.00 0.00 0.00 0.00 0.00 0.00 0.00 0.00 0.00 0.00 0.00 0.00 0.00 0.06 0.55 0.42 0.24 0.22 0.00 0.00 0.00 0.00 0.00 
0.00 0.00 0.00 0.00 0.00 0.00 0.00 0.00 0.00 0.00 0.00 0.00 0.00 0.00 0.00 0.00 0.00 0.00 0.00 0.58 0.75 0.32 0.07 0.06 0.00 0.00 0.00 0.00 
0.00 0.00 0.00 0.00 0.00 0.00 0.00 0.00 0.00 0.00 0.00 0.00 0.00 0.00 0.00 0.00 0.00 0.04 0.13 0.31 0.78 0.46 0.00 0.10 0.17 0.00 0.00 0.00 
0.00 0.00 0.00 0.00 0.00 0.00 0.00 0.00 0.00 0.00 0.00 0.00 0.00 0.00 0.04 0.09 0.11 0.13 0.16 0.15 0.47 0.61 0.22 0.20 0.41 0.25 0.00 0.00 
0.00 0.00 0.00 0.00 0.00 0.00 0.00 0.00 0.00 0.00 0.00 0.00 0.03 0.10 0.14 0.10 0.08 0.05 0.02 0.00 0.00 0.48 0.57 0.36 0.53 0.57 0.15 0.00 
0.00 0.00 0.00 0.00 0.00 0.00 0.18 0.00 0.00 0.00 0.00 0.03 0.10 0.10 0.02 0.00 0.00 0.00 0.00 0.00 0.00 0.37 0.69 0.55 0.49 0.76 0.72 0.03 
0.00 0.00 0.00 0.00 0.00 0.00 0.39 0.32 0.00 0.00 0.04 0.11 0.10 0.00 0.00 0.00 0.00 0.00 0.00 0.00 0.00 0.00 0.73 0.81 0.56 0.67 0.93 0.68 
0.00 0.00 0.00 0.00 0.00 0.03 0.31 0.58 0.42 0.09 0.14 0.13 0.00 0.00 0.00 0.00 0.00 0.00 0.00 0.00 0.00 0.00 0.60 0.97 0.68 0.51 0.83 1.00 
0.00 0.00 0.00 0.00 0.02 0.20 0.25 0.61 0.72 0.18 0.15 0.04 0.00 0.00 0.00 0.00 0.00 0.00 0.00 0.00 0.00 0.00 0.03 1.00 0.84 0.40 0.49 0.89 
0.00 0.00 0.00 0.07 0.13 0.25 0.19 0.39 0.77 0.55 0.05 0.00 0.00 0.00 0.00 0.00 0.00 0.00 0.00 0.00 0.00 0.00 0.00 0.71 1.00 0.56 0.45 0.65 
0.00 0.00 0.09 0.14 0.10 0.08 0.09 0.10 0.40 0.56 0.03 0.00 0.00 0.00 0.00 0.00 0.00 0.00 0.00 0.00 0.00 0.00 0.00 0.15 0.89 0.78 0.58 0.59 
0.00 0.01 0.14 0.05 0.00 0.00 0.08 0.02 0.13 0.58 0.46 0.00 0.00 0.00 0.00 0.00 0.00 0.00 0.00 0.00 0.00 0.00 0.00 0.00 0.51 0.75 0.65 0.56 
0.00 0.06 0.11 0.00 0.00 0.00 0.11 0.29 0.19 0.44 0.67 0.42 0.00 0.00 0.00 0.00 0.00 0.00 0.00 0.00 0.00 0.00 0.00 0.00 0.24 0.53 0.55 0.47 
0.09 0.08 0.08 0.00 0.00 0.00 0.00 0.37 0.41 0.42 0.77 0.81 0.09 0.00 0.00 0.00 0.00 0.00 0.00 0.00 0.00 0.00 0.00 0.00 0.16 0.34 0.39 0.35 
0.14 0.10 0.07 0.00 0.00 0.00 0.00 0.40 0.64 0.53 0.68 1.00 0.96 0.00 0.00 0.00 0.00 0.00 0.00 0.00 0.00 0.00 0.00 0.08 0.19 0.25 0.26 0.22 
0.00 0.58 0.08 0.00 0.00 0.00 0.00 0.06 0.69 0.78 0.64 0.77 1.00 0.68 0.00 0.00 0.00 0.00 0.00 0.00 0.00 0.01 0.10 0.15 0.16 0.14 0.10 0.06 
0.00 0.20 0.16 0.00 0.00 0.00 0.00 0.00 0.63 0.98 0.64 0.44 0.76 0.98 0.31 0.00 0.00 0.00 0.00 0.00 0.07 0.13 0.10 0.05 0.00 0.00 0.00 0.00 
0.00 0.00 0.78 0.00 0.00 0.00 0.00 0.00 0.27 1.00 0.76 0.40 0.51 0.80 0.66 0.16 0.00 0.00 0.05 0.11 0.10 0.01 0.00 0.00 0.00 0.00 0.00 0.00 
0.00 0.00 0.25 0.00 0.00 0.00 0.00 0.00 0.00 0.87 0.91 0.52 0.48 0.65 0.67 0.40 0.21 0.17 0.16 0.09 0.00 0.00 0.00 0.00 0.00 0.00 0.00 0.00 
0.00 0.00 0.00 0.58 0.00 0.00 0.00 0.00 0.00 0.48 0.85 0.67 0.53 0.55 0.56 0.42 0.29 0.21 0.09 0.00 0.00 0.00 0.00 0.00 0.00 0.00 0.00 0.00 
0.00 0.00 0.00 0.05 0.31 0.00 0.00 0.00 0.00 0.24 0.64 0.65 0.55 0.48 0.43 0.34 0.24 0.11 0.00 0.00 0.00 0.00 0.00 0.00 0.00 0.00 0.00 0.00 
0.00 0.00 0.00 0.00 0.19 0.23 0.02 0.00 0.01 0.19 0.42 0.51 0.44 0.36 0.29 0.21 0.11 0.01 0.00 0.00 0.00 0.00 0.00 0.00 0.00 0.00 0.00 0.00 
0.00 0.00 0.00 0.00 0.00 0.13 0.23 0.18 0.17 0.24 0.31 0.34 0.30 0.23 0.16 0.08 0.01 0.00 0.00 0.00 0.00 0.00 0.00 0.00 0.00 0.00 0.00 0.00 
0.00 0.00 0.00 0.00 0.00 0.00 0.02 0.14 0.18 0.21 0.22 0.19 0.15 0.09 0.04 0.00 0.00 0.00 0.00 0.00 0.00 0.00 0.00 0.00 0.00 0.00 0.00 0.00 
0.00 0.00 0.00 0.00 0.00 0.00 0.00 0.00 0.00 0.02 0.03 0.03 0.01 0.00 0.00 0.00 0.00 0.00 0.00 0.00 0.00 0.00 0.00 0.00 0.00 0.00 0.00 0.00 
-0.00 -0.00 -0.00 -0.00 0.00 0.00 0.00 0.00 -158839966806181746533156862930074992640.00 -158839966806181746533156862930074992640.00 0.00 0.00 -0.00